0 209
0 245
1 172
1 172
1 172
1 130
1 68
1 68
2 161
2 161
2 161
2 161
2 67
3 80
3 97
3 180
3 180
3 180
3 180
3 180
3 180
3 180
3 180
3 180
3 180
3 180
3 70
3 185
4 1
4 1
4 1
4 130
4 130
4 130
4 130
4 163
4 68
4 68
4 68
4 68
4 68
4 68
4 68
4 245
4 245
4 245
4 167
4 167
4 172
4 172
4 172
4 172
4 172
4 172
4 172
4 172
4 172
4 172
4 101
5 149
5 113
5 113
5 85
5 89
5 265
5 265
5 265
5 265
5 265
5 59
5 59
5 59
5 59
5 59
5 45
5 45
5 45
5 95
5 95
5 95
5 95
6 76
6 76
6 160
6 160
6 160
6 160
6 160
6 160
6 160
6 160
6 116
6 261
6 261
6 261
6 261
6 261
6 261
6 261
6 44
6 44
6 44
6 44
6 44
6 44
6 44
6 44
6 44
6 44
6 44
6 28
6 28
6 28
6 222
7 34
7 242
7 242
7 242
7 242
7 242
7 242
7 242
7 219
7 244
7 101
7 101
7 101
7 101
7 91
7 91
7 91
7 91
7 91
7 91
7 91
7 91
7 91
7 91
7 91
7 91
7 91
7 141
7 141
7 141
8 128
8 128
8 128
8 128
8 128
8 195
8 196
8 261
8 71
8 265
8 265
8 265
8 265
8 265
8 265
8 265
8 10
8 23
8 23
8 23
8 76
8 76
8 76
8 205
8 205
8 205
8 205
8 205
8 205
8 14
8 14
8 14
8 208
8 275
8 212
8 270
8 214
8 214
8 214
8 214
8 214
8 214
8 214
8 214
8 215
8 215
8 152
8 281
8 222
8 59
8 59
8 59
8 59
8 59
8 59
8 59
8 38
8 104
8 170
8 135
8 135
8 135
8 135
8 135
8 255
8 255
8 255
8 255
8 110
8 110
8 175
8 183
8 183
8 187
8 138
8 138
8 138
8 127
9 130
9 130
9 106
9 118
9 118
9 217
9 217
9 266
9 266
9 125
9 125
9 60
9 186
9 186
9 186
9 186
9 186
9 186
9 78
9 159
9 159
9 159
9 159
9 159
9 159
9 159
11 72
11 72
11 72
11 44
11 44
11 44
11 118
11 118
13 130
13 130
13 130
13 36
13 36
13 36
13 36
13 36
13 36
13 36
13 36
13 36
13 36
13 36
13 36
13 36
13 36
13 36
13 245
13 245
13 186
13 186
13 186
13 105
13 105
13 105
13 105
13 42
13 60
13 60
13 60
13 178
13 178
13 158
13 158
13 158
13 158
13 158
13 158
13 159
13 159
14 164
14 164
14 164
14 164
14 164
14 164
14 239
14 239
14 239
14 239
14 239
14 239
14 239
14 239
14 239
14 239
14 239
14 239
14 239
14 239
14 239
14 239
16 33
16 33
16 33
16 43
16 43
16 228
16 228
16 72
16 72
16 72
16 72
16 72
16 72
16 72
16 11
16 11
16 11
16 44
16 44
16 44
16 44
16 44
16 44
16 44
16 270
16 270
16 18
16 18
16 117
16 117
16 89
16 186
16 27
16 27
16 27
16 27
16 60
18 33
18 33
18 33
18 33
18 33
18 27
18 27
18 27
18 228
18 101
18 72
18 265
18 265
18 265
18 265
18 265
18 265
18 265
18 43
18 43
18 44
18 44
18 16
18 11
18 11
18 11
18 11
18 117
18 117
18 117
18 117
18 117
18 214
18 59
18 59
18 59
18 59
18 59
18 124
19 128
19 128
19 128
19 128
19 128
19 194
19 22
19 22
19 264
19 265
19 265
19 266
19 175
19 175
19 76
19 76
19 66
19 66
19 66
19 205
19 205
19 244
19 244
19 244
19 214
19 180
19 180
19 180
19 180
19 180
19 180
19 180
19 180
19 180
19 180
19 27
19 27
19 27
19 27
19 27
19 27
19 27
19 27
19 27
19 27
19 5
20 192
20 192
20 192
20 192
20 192
20 101
20 198
20 136
20 124
20 124
20 188
20 188
20 188
20 157
20 157
20 157
21 184
21 184
21 184
21 184
21 184
21 184
21 250
21 250
21 250
21 59
21 59
21 59
21 59
21 59
21 59
21 228
21 238
22 128
22 196
22 196
22 196
22 8
22 8
22 8
22 8
22 265
22 235
22 76
22 76
22 205
22 175
22 175
22 175
22 214
22 214
22 214
22 73
22 25
22 59
23 67
23 67
24 92
24 128
24 129
24 8
24 8
24 8
24 265
24 265
24 265
24 265
24 265
24 265
24 265
24 59
24 59
24 59
24 59
24 59
24 59
24 59
24 76
24 76
24 76
24 76
24 76
24 76
24 175
24 63
24 63
24 207
25 97
25 194
25 3
25 3
25 3
25 3
25 37
25 34
25 270
25 16
25 18
25 180
25 180
25 180
25 180
25 180
25 180
25 180
25 214
25 185
25 185
25 282
25 221
26 89
26 89
26 174
26 174
26 174
26 113
27 208
27 113
27 242
27 21
27 119
27 119
27 119
27 184
27 265
27 250
27 250
27 250
27 250
27 250
27 250
27 250
27 250
27 250
27 250
27 250
27 250
27 250
27 250
27 250
27 250
27 101
27 101
27 101
27 101
27 205
27 205
27 205
27 95
27 95
27 95
28 196
28 196
28 196
28 196
28 196
28 261
28 261
28 261
28 198
28 263
28 8
28 265
28 10
28 267
28 267
28 267
28 76
28 76
28 76
28 208
28 208
28 208
28 208
28 208
28 208
28 208
28 208
28 208
28 275
28 275
28 212
28 174
28 214
28 89
28 89
28 91
28 91
28 91
28 222
28 222
28 222
28 133
28 133
28 133
28 272
28 272
28 272
28 163
28 231
28 233
28 233
28 178
28 178
28 110
28 110
28 255
28 99
28 59
28 59
28 59
28 242
28 138
28 138
28 119
28 184
28 84
28 187
28 187
28 187
28 187
28 74
28 74
28 63
29 152
29 248
30 145
30 138
30 115
30 115
30 115
30 115
30 115
30 115
30 115
30 115
30 115
30 115
30 115
30 115
30 164
30 57
30 57
30 57
30 57
30 57
30 57
30 57
30 57
30 57
30 57
30 57
30 57
30 57
30 57
30 57
31 112
31 112
31 112
31 233
31 38
31 63
31 63
32 178
32 66
32 66
32 87
32 87
32 87
32 87
32 136
32 74
32 267
32 267
32 204
32 204
32 204
32 204
32 205
32 205
33 124
33 196
33 196
33 72
33 44
33 44
33 44
33 44
33 267
33 268
33 268
33 268
33 268
33 47
34 175
34 69
34 139
34 98
34 98
34 98
34 270
34 207
34 207
34 227
34 227
34 269
34 87
34 25
34 27
34 97
34 97
34 97
34 97
34 162
34 99
34 228
34 48
34 235
34 237
34 238
34 111
34 240
34 240
34 49
34 91
34 115
34 115
34 189
35 278
35 182
35 70
35 8
35 8
35 8
35 122
35 189
35 189
35 189
35 189
35 189
36 125
36 167
37 34
37 214
37 262
37 201
37 235
37 235
37 109
37 109
37 207
37 205
37 205
37 205
37 205
37 205
37 211
37 213
37 22
37 223
38 16
38 274
38 274
38 274
38 274
38 274
38 274
38 274
38 274
38 274
38 213
38 31
38 31
40 104
40 104
40 195
40 262
40 8
40 8
40 8
40 8
40 8
40 8
40 8
40 8
40 121
40 28
40 28
40 28
40 28
40 28
40 28
40 28
40 28
40 63
41 249
41 249
41 249
41 164
41 164
41 164
41 164
41 164
41 164
41 164
41 164
41 164
41 164
41 164
41 221
41 221
41 221
41 221
41 221
41 221
41 221
41 221
41 221
41 221
41 221
41 221
41 221
41 221
41 221
41 221
41 221
41 221
41 93
41 253
41 253
41 253
42 238
42 178
42 178
42 178
42 196
42 196
42 214
42 198
42 198
42 198
42 198
42 150
42 36
42 36
42 36
42 33
42 33
42 205
42 205
42 46
42 159
43 16
43 33
43 46
43 46
43 46
43 72
43 72
43 72
43 72
43 44
43 44
43 44
43 44
43 238
44 160
44 196
44 150
44 6
44 231
44 11
44 45
44 208
44 208
44 116
44 214
44 184
44 250
44 250
44 28
44 261
44 261
44 261
45 242
45 242
45 178
46 242
46 242
46 242
46 132
46 182
46 118
46 184
46 184
46 44
46 178
46 178
46 178
46 178
46 178
46 178
46 178
47 0
47 113
47 133
47 133
47 263
47 263
47 217
47 45
48 225
48 225
48 225
48 225
48 225
48 225
48 225
48 225
48 225
48 242
48 242
48 242
48 91
48 91
48 91
48 91
48 91
48 91
48 91
48 91
48 91
48 133
48 214
48 27
49 57
49 259
49 259
49 259
49 259
49 259
49 259
49 259
49 259
49 259
49 259
49 259
49 259
49 259
49 259
49 259
49 259
49 255
50 162
50 115
50 115
50 115
50 115
50 115
50 115
50 115
50 115
50 115
50 115
50 115
51 200
51 200
51 282
51 282
51 282
51 282
51 282
52 164
52 164
52 164
52 164
52 164
52 164
52 164
52 164
52 164
52 164
52 164
52 164
52 164
52 164
52 164
52 164
52 164
52 164
52 164
52 164
52 164
52 164
52 164
52 164
52 164
52 164
52 164
52 164
52 164
52 164
52 164
52 164
52 164
52 164
52 164
52 164
52 164
52 93
53 194
53 219
53 219
53 244
53 244
53 101
53 7
53 7
53 228
53 91
53 223
53 223
54 259
54 259
54 259
54 259
54 259
54 259
54 259
54 259
54 259
54 259
54 259
54 259
54 259
55 178
55 118
55 118
55 150
55 150
55 231
55 231
55 231
55 242
55 45
56 128
56 128
56 128
56 128
56 128
56 128
56 128
56 128
56 128
56 128
56 27
56 196
56 196
56 214
56 214
56 214
56 214
56 214
56 265
56 265
56 265
56 265
56 265
56 76
56 76
56 205
56 175
56 208
56 208
56 208
56 208
56 22
56 119
56 217
56 217
56 59
56 59
56 59
56 59
56 59
56 59
56 59
56 59
56 59
56 59
56 59
56 59
56 28
56 127
56 127
57 265
57 100
57 100
57 14
57 14
58 8
58 265
58 265
58 76
58 63
59 128
59 65
59 65
59 65
59 65
59 65
59 65
59 65
59 65
59 260
59 260
59 71
59 8
59 8
59 8
59 8
59 8
59 8
59 265
59 265
59 10
59 10
59 76
59 76
59 76
59 76
59 76
59 76
59 76
59 76
59 76
59 76
59 269
59 269
59 269
59 269
59 237
59 237
59 237
59 237
59 237
59 237
59 237
59 237
59 237
59 237
59 237
59 145
59 145
59 145
59 145
59 145
59 145
59 205
59 84
59 17
59 17
59 104
59 104
59 104
59 88
59 88
59 88
59 88
59 88
59 88
59 88
59 88
59 103
59 93
59 93
59 30
59 30
59 30
59 30
59 30
59 30
59 30
59 161
59 161
59 161
59 161
59 161
59 161
59 161
59 161
59 161
59 162
59 162
59 162
59 100
59 100
59 100
59 39
59 39
59 39
59 39
59 39
59 129
59 129
59 129
59 129
59 41
59 41
59 234
59 234
59 234
59 234
59 234
59 234
59 234
59 110
59 109
59 168
59 168
59 112
59 112
59 112
59 112
59 112
59 112
59 49
59 49
59 49
59 49
59 49
59 49
59 49
59 50
59 148
59 148
59 148
59 148
59 148
59 140
59 140
59 140
59 140
59 200
59 200
59 254
59 63
59 63
60 45
61 128
61 228
61 214
61 214
61 214
61 214
61 264
61 264
61 265
61 265
61 172
61 205
61 205
61 205
61 205
61 205
61 205
61 205
61 208
61 149
61 149
61 22
61 22
61 22
61 22
61 22
61 56
61 250
61 250
61 250
61 27
61 27
61 5
62 214
62 257
62 181
62 134
62 134
62 134
62 134
62 241
62 89
62 81
62 5
63 112
63 129
63 129
63 129
63 274
63 274
63 275
63 275
63 275
63 275
63 103
63 103
63 8
63 8
63 8
63 76
63 76
63 58
63 58
63 58
63 58
63 58
63 58
63 58
63 58
63 58
63 58
63 58
63 140
63 140
63 104
63 104
63 104
63 104
63 104
63 31
63 31
63 31
64 194
64 194
64 194
64 228
64 228
64 228
64 228
64 228
64 228
64 228
64 228
64 228
64 228
64 169
64 169
64 111
64 240
64 209
64 82
64 244
64 247
64 91
64 61
64 223
64 223
64 223
65 265
66 128
66 128
66 128
66 128
66 128
66 34
66 196
66 196
66 196
66 265
66 265
66 265
66 265
66 265
66 204
66 204
66 205
66 205
66 205
66 238
66 238
66 175
66 206
66 178
66 178
66 180
66 180
66 180
66 180
66 180
66 180
66 180
66 180
66 180
66 180
66 85
66 85
66 27
66 27
66 27
68 273
68 273
68 273
68 273
68 181
68 279
68 186
68 172
68 172
68 222
70 0
70 0
70 36
70 5
70 5
70 5
70 5
70 136
70 105
70 266
70 266
70 266
70 266
70 266
70 266
70 266
70 13
70 13
70 208
70 208
70 208
70 208
70 208
70 264
70 264
70 181
70 181
70 150
70 150
70 55
70 158
70 158
70 159
70 159
70 159
71 280
71 249
71 249
71 249
71 249
71 249
71 249
71 249
71 249
71 249
71 249
71 221
72 176
72 43
72 133
72 184
72 184
72 201
72 250
72 250
72 95
72 45
72 45
72 46
72 21
74 60
74 60
74 60
74 231
74 231
74 231
74 231
75 241
75 172
75 172
75 172
75 172
75 86
75 182
75 182
75 182
75 182
75 182
76 128
76 128
76 128
76 128
76 128
76 132
76 132
76 171
76 260
76 22
76 135
76 135
76 135
76 135
76 135
76 8
76 8
76 265
76 265
76 265
76 265
76 10
76 10
76 205
76 205
76 205
76 205
76 205
76 205
76 205
76 205
76 205
76 205
76 205
76 205
76 14
76 208
76 208
76 275
76 275
76 275
76 212
76 212
76 212
76 214
76 214
76 214
76 214
76 214
76 152
76 196
76 28
76 28
76 28
76 28
76 229
76 229
76 38
76 38
76 233
76 235
76 235
76 235
76 237
76 110
76 110
76 175
76 175
76 49
76 51
76 52
76 183
76 183
76 59
76 59
76 138
76 138
76 138
76 138
76 255
76 255
76 255
77 130
77 130
77 196
77 196
77 196
77 196
77 196
77 196
77 196
77 196
77 196
77 196
77 196
77 196
77 196
77 196
77 196
77 196
77 196
77 196
77 196
77 196
77 196
77 118
77 118
77 273
77 75
77 75
77 45
77 45
77 45
77 45
77 81
77 81
77 81
77 149
77 149
77 149
77 149
77 182
77 182
77 182
77 182
77 182
77 182
77 182
77 279
77 101
77 101
77 101
77 101
77 101
77 101
77 101
77 101
77 126
77 126
77 126
77 126
77 95
77 95
77 95
78 130
78 130
78 196
78 118
78 118
78 118
78 118
78 232
78 42
78 42
78 268
78 46
78 46
78 208
78 273
78 114
78 114
78 114
78 114
78 181
78 181
78 182
78 182
78 182
79 129
79 227
79 227
79 196
79 16
79 265
79 265
79 265
79 235
79 76
79 205
79 205
79 270
79 207
79 112
79 206
79 214
79 214
79 25
79 175
79 208
79 190
79 190
80 97
80 34
80 34
80 3
80 3
80 3
80 37
80 37
80 207
80 207
80 136
80 136
80 175
80 238
80 238
80 111
80 227
80 180
80 180
80 180
80 180
80 180
80 251
80 251
80 125
81 0
81 0
81 0
81 0
81 1
81 1
81 132
81 5
81 5
81 5
81 5
81 68
81 68
81 68
81 68
81 167
81 167
81 167
81 167
81 167
81 167
81 264
81 264
81 202
81 202
81 172
81 172
81 77
81 77
81 273
81 273
81 273
81 209
81 209
81 209
81 209
81 89
81 279
81 279
81 196
81 196
81 196
81 196
81 196
81 62
81 62
81 62
81 62
81 101
81 101
82 64
82 64
82 64
82 64
82 64
82 64
82 64
82 64
82 64
82 243
82 228
82 228
82 228
82 223
83 74
83 74
83 74
83 74
83 74
83 74
83 231
83 231
83 231
83 231
84 249
84 249
84 249
84 249
84 249
84 249
84 249
84 249
84 119
84 119
84 41
84 41
84 282
84 282
84 59
84 221
84 221
84 221
84 221
84 221
84 221
84 221
84 221
84 221
84 221
84 221
84 221
84 221
85 59
85 36
85 264
85 235
85 235
85 235
85 205
85 205
85 205
85 205
85 205
85 208
85 113
85 113
85 214
85 214
85 184
85 184
85 184
85 184
85 184
85 228
85 27
85 220
86 242
86 114
86 114
86 196
86 196
86 196
86 196
86 196
86 149
86 149
86 149
86 149
86 182
86 182
86 182
86 182
86 215
86 132
86 186
86 75
86 205
86 101
86 101
87 208
87 208
87 208
87 208
87 178
87 178
87 178
87 178
87 178
87 178
87 178
87 228
87 228
87 228
87 228
87 228
87 228
87 228
87 228
87 180
87 196
87 196
87 184
87 184
87 184
87 184
87 89
87 89
87 89
87 89
87 89
87 74
87 74
87 74
87 27
87 28
87 28
87 45
89 153
89 153
89 153
89 153
89 59
89 174
89 174
89 174
90 208
90 208
90 208
90 208
90 242
90 242
90 242
90 242
90 242
90 101
90 101
90 101
90 101
90 7
90 59
90 59
90 117
90 117
90 117
90 117
90 117
91 64
91 64
91 64
91 196
91 196
91 196
91 196
91 196
91 133
91 133
91 133
91 133
91 133
91 133
91 133
91 133
91 133
91 230
91 272
91 272
91 272
91 272
91 272
91 272
91 272
91 242
91 242
91 242
91 242
91 242
91 242
91 242
91 242
91 117
91 228
91 228
91 228
91 228
91 250
91 250
91 250
91 250
91 27
91 27
91 27
91 27
91 27
91 27
91 27
91 27
91 28
91 157
92 128
92 24
92 265
92 265
92 265
92 265
92 265
92 265
92 59
92 59
92 59
92 59
92 59
92 59
92 59
92 59
92 59
92 76
92 76
92 76
92 76
92 76
92 76
92 76
92 76
92 76
92 76
92 76
92 76
92 76
92 63
93 128
93 52
93 52
93 115
93 115
93 115
93 164
93 164
93 164
93 164
93 164
93 164
93 164
93 164
93 164
93 164
93 164
93 164
93 164
93 164
93 164
93 164
93 164
93 164
93 164
93 164
93 164
94 60
94 60
94 130
94 172
94 172
94 172
94 245
95 242
95 149
95 149
95 178
95 178
96 256
96 129
96 129
96 129
96 129
96 274
96 274
96 274
96 165
96 165
96 121
96 18
96 18
96 18
96 270
96 270
96 270
96 270
96 270
97 66
97 66
97 34
97 36
97 214
97 8
97 235
97 76
97 109
97 206
97 206
97 206
97 206
97 207
97 205
97 205
97 205
97 205
97 205
97 205
97 205
97 205
97 205
97 205
97 205
97 205
97 205
97 205
97 205
97 205
97 205
97 22
97 22
97 184
97 184
97 184
97 184
98 259
98 164
98 164
98 164
98 164
98 8
98 249
98 249
98 139
98 139
98 139
98 139
98 239
98 239
98 239
98 239
98 239
98 239
98 239
98 239
98 239
98 16
98 16
98 18
98 115
98 115
98 115
98 115
98 115
98 57
98 57
98 57
98 57
98 57
98 25
98 282
98 282
98 155
98 155
98 155
98 155
98 221
98 221
98 221
98 221
98 221
98 221
98 255
99 84
100 57
100 57
100 164
100 164
100 164
100 164
100 164
100 239
100 239
100 239
100 239
100 239
100 239
100 239
100 239
100 239
100 239
100 239
100 239
100 239
101 208
101 208
101 163
101 242
101 242
101 242
101 27
101 27
101 196
101 196
101 196
101 196
101 196
101 149
101 149
101 90
101 59
101 59
101 205
101 175
102 129
102 190
102 190
102 190
102 190
102 190
102 190
102 262
102 24
102 24
102 24
102 24
102 24
102 201
102 201
102 92
102 28
102 28
102 79
102 79
102 79
103 128
103 128
103 128
103 128
103 235
103 276
103 236
103 265
103 265
103 265
103 265
103 265
103 265
103 59
103 59
103 59
103 59
103 59
103 92
103 175
103 175
104 274
104 58
105 273
105 36
105 36
105 36
105 245
105 245
105 78
105 60
105 60
106 78
106 78
106 78
106 122
106 133
106 118
106 150
106 150
106 9
106 42
106 42
106 42
106 42
106 42
106 42
106 5
106 205
106 46
106 85
109 128
109 32
109 267
109 267
109 267
109 37
109 37
109 37
109 262
109 201
109 74
109 74
109 235
109 235
109 235
109 204
109 204
109 204
109 205
109 206
109 206
109 207
109 214
109 89
109 184
109 25
109 25
109 282
111 64
111 32
111 32
111 66
111 66
111 91
111 91
111 166
111 166
111 166
111 48
111 48
111 73
111 73
111 235
111 235
111 175
111 175
111 207
111 207
111 207
111 207
111 207
111 207
111 240
111 34
111 34
111 34
111 87
111 250
111 250
111 251
111 247
111 247
111 247
111 223
112 274
112 274
112 274
112 274
112 274
112 274
112 274
112 274
112 274
112 274
112 227
112 227
112 38
112 31
112 31
112 31
112 31
113 178
113 178
113 178
113 178
113 178
113 178
113 178
113 178
113 181
113 55
113 242
113 242
113 242
113 45
113 45
113 45
113 45
113 222
114 215
114 182
114 182
114 182
114 182
114 191
116 258
116 258
116 229
116 135
116 200
116 76
116 76
116 76
116 76
116 236
116 205
116 205
116 205
116 205
116 205
116 205
116 176
116 176
116 176
116 8
116 8
116 8
116 8
116 8
116 214
116 214
116 214
116 214
116 214
116 214
116 217
116 217
116 22
116 189
116 189
116 189
116 189
116 222
116 222
116 222
117 0
117 0
117 0
117 208
117 208
117 18
117 43
117 196
117 101
117 87
117 72
117 72
117 90
117 267
117 267
117 26
118 242
118 242
118 242
118 242
118 181
118 266
118 266
118 43
118 178
118 178
118 178
118 46
118 46
118 46
118 245
119 258
119 258
119 258
119 99
119 231
119 231
119 231
119 231
119 41
119 43
119 43
119 21
119 21
119 21
119 21
119 21
119 21
119 21
119 21
119 21
119 249
119 250
119 250
119 282
119 282
119 282
119 27
119 28
119 221
120 147
120 147
120 29
121 103
121 104
121 104
121 104
121 104
121 104
121 104
121 104
121 28
121 28
121 28
121 28
121 28
121 28
121 59
121 76
121 76
121 63
121 63
122 0
122 193
122 278
122 132
122 5
122 5
122 5
122 232
122 232
122 232
122 232
122 232
122 266
122 266
122 266
122 266
122 266
122 266
122 266
122 266
122 268
122 268
122 268
122 268
122 173
122 238
122 189
122 208
122 208
122 208
122 208
122 208
122 208
122 264
122 264
122 264
122 264
122 114
122 114
122 78
122 182
122 89
122 125
122 125
122 125
122 125
122 125
122 124
122 106
122 106
123 242
123 172
123 172
123 172
123 172
123 172
123 172
123 172
123 172
123 172
123 172
123 172
123 90
123 245
123 245
123 245
123 245
123 186
123 186
123 226
123 154
123 75
123 75
123 75
123 75
123 75
123 75
123 75
123 60
123 130
123 130
123 94
123 94
123 94
124 208
124 208
124 208
124 33
124 178
124 178
124 228
124 228
124 196
124 196
124 87
124 265
124 265
124 186
124 188
124 188
124 95
125 0
125 264
125 5
125 182
125 182
125 182
125 215
125 215
126 257
126 257
126 196
126 196
126 196
126 5
126 5
126 5
126 5
126 246
126 264
126 264
126 264
126 264
126 264
126 264
126 264
126 268
126 75
126 75
126 172
126 77
126 77
126 77
126 77
126 182
126 182
126 182
126 182
126 154
126 154
126 154
126 154
126 154
126 154
126 94
126 94
127 128
127 128
127 128
127 128
127 128
127 128
127 59
127 59
127 59
127 59
127 59
127 59
127 59
127 59
127 59
127 59
127 59
127 59
127 59
127 59
127 228
127 228
127 265
127 265
127 265
127 265
127 265
127 265
127 265
127 265
127 265
127 265
127 265
127 265
127 265
127 265
127 265
127 265
127 265
127 205
127 205
127 205
127 205
127 205
127 175
127 175
127 175
127 175
127 175
127 175
127 175
127 175
127 175
127 175
127 175
127 175
127 175
127 216
127 216
127 214
127 214
127 214
127 214
127 56
127 217
127 217
127 27
127 27
127 28
128 129
128 162
128 99
128 99
128 100
128 100
128 69
128 145
128 145
128 145
128 145
128 140
128 140
128 265
128 265
128 265
128 265
128 265
128 265
128 265
128 265
128 265
128 265
128 265
128 265
128 265
128 265
128 265
128 265
128 265
128 265
128 265
128 103
128 76
128 49
128 50
128 51
128 17
128 73
128 260
128 59
128 59
128 59
128 59
128 59
128 59
128 59
128 59
128 59
128 59
128 59
128 59
128 59
128 200
128 30
128 30
131 111
132 101
132 101
132 101
132 196
132 196
132 196
132 196
132 196
132 196
132 196
132 197
132 70
132 72
132 72
132 72
132 72
132 266
132 44
132 45
132 45
132 270
132 270
132 208
132 208
132 208
132 208
132 208
132 208
132 208
132 122
132 46
132 46
132 46
132 46
132 182
132 184
132 184
132 184
132 184
132 250
132 124
132 124
132 124
132 124
132 124
132 118
132 118
132 126
132 126
132 149
133 153
133 153
133 153
133 265
133 263
133 263
134 240
134 208
134 208
134 208
134 208
134 242
134 242
134 242
134 242
134 242
134 242
134 242
134 242
134 163
134 163
134 163
134 163
134 163
134 117
134 117
134 117
134 22
134 209
134 209
134 264
134 214
135 237
135 237
135 237
135 164
135 164
135 164
135 164
135 71
135 57
135 57
135 58
135 221
135 221
135 221
135 221
135 239
135 239
135 239
136 27
136 27
136 180
136 180
136 180
136 180
136 180
136 180
136 180
136 180
136 180
136 180
136 179
137 272
137 272
137 272
137 272
137 272
137 272
137 21
137 21
137 21
137 21
137 21
138 115
138 115
138 115
138 115
138 115
138 115
138 115
138 115
138 115
138 50
138 259
138 259
138 259
138 259
138 259
138 259
138 259
138 164
138 164
138 164
138 164
138 57
138 57
138 57
138 57
138 57
138 57
138 57
138 57
138 57
138 57
138 57
138 57
138 57
138 57
138 57
138 57
138 57
138 57
138 57
138 57
138 57
138 57
138 57
138 57
138 57
138 57
138 162
138 239
138 239
138 239
138 239
138 239
138 239
138 239
138 239
138 239
138 239
139 98
139 259
139 259
139 259
139 259
139 164
139 164
139 164
139 164
139 227
139 249
139 67
139 67
139 67
139 67
139 67
139 67
139 67
139 67
139 67
139 67
139 67
139 67
139 34
139 270
139 253
139 18
139 115
139 115
139 155
139 155
139 206
139 57
139 57
139 57
139 57
139 25
139 25
139 25
139 25
139 282
139 239
139 239
139 239
139 239
139 239
139 252
139 252
139 252
139 252
139 252
139 221
139 221
140 256
140 58
140 58
140 156
141 48
141 82
141 7
141 91
141 91
141 91
141 91
141 91
141 91
141 91
141 91
141 91
141 91
141 151
141 151
141 151
141 151
141 151
141 61
141 157
141 157
141 157
141 157
142 76
142 76
142 160
142 160
142 160
142 34
142 261
142 261
142 54
142 265
142 128
142 59
142 59
142 59
142 59
142 28
142 28
142 28
142 28
142 28
142 175
142 175
142 175
142 175
143 193
143 193
143 193
143 130
143 130
143 36
143 36
143 36
143 36
143 36
143 36
143 36
143 36
143 36
143 36
143 36
143 245
143 245
143 232
143 232
143 232
143 232
143 232
143 232
143 232
143 153
143 122
143 60
143 5
144 0
144 246
144 228
144 228
144 5
144 214
144 214
144 214
144 214
144 214
144 214
144 268
144 268
144 59
144 59
144 28
144 28
144 28
144 205
144 205
144 205
144 205
145 50
145 115
145 115
145 115
145 115
145 115
145 115
145 164
145 138
145 253
145 253
145 253
145 253
145 253
145 253
145 253
145 253
145 253
145 253
145 253
145 253
145 253
145 253
145 253
145 253
145 253
145 253
145 253
145 253
145 253
145 253
145 253
145 253
145 253
145 30
145 30
146 128
146 128
146 128
146 128
146 128
146 128
146 128
146 195
146 265
146 265
146 265
146 265
146 265
146 265
146 265
146 265
146 265
146 265
146 265
146 79
146 59
146 59
146 59
146 59
146 59
146 59
146 59
146 59
146 236
146 175
146 175
146 175
146 175
146 175
146 175
147 152
147 120
147 120
147 120
147 120
147 120
147 29
147 29
147 29
147 29
147 29
147 29
147 29
147 29
149 178
149 178
149 178
149 178
149 178
149 220
149 242
149 242
149 242
149 242
149 242
149 242
149 242
149 182
149 182
149 95
149 95
151 243
151 7
151 7
151 7
151 7
151 7
151 7
151 7
152 120
152 248
152 248
152 248
152 248
152 248
152 248
152 248
152 248
152 248
152 248
152 234
152 234
152 234
152 234
152 234
152 234
152 234
152 234
152 234
152 147
152 147
152 147
152 29
152 29
152 29
152 29
152 29
152 29
152 29
152 29
152 29
152 29
152 29
152 29
152 29
152 29
152 29
152 29
152 29
152 29
152 29
152 29
152 29
152 29
152 29
152 29
152 29
152 29
152 29
152 29
152 29
152 29
153 124
153 101
154 114
154 114
154 114
154 114
154 75
154 75
154 264
154 186
154 123
154 172
154 15
154 15
154 15
155 98
155 98
155 98
155 259
155 164
155 164
155 164
155 164
155 164
155 164
155 139
155 270
155 270
155 221
155 221
155 221
155 221
155 221
155 221
155 221
155 16
155 16
155 18
155 115
155 115
155 57
155 57
155 57
155 57
155 57
155 249
155 282
155 282
155 282
155 282
155 239
155 239
155 239
155 239
155 239
155 239
155 253
156 58
156 58
156 58
156 58
157 64
157 64
157 64
157 178
157 179
157 179
157 179
157 179
157 179
157 179
157 244
157 219
157 219
157 219
157 219
157 7
157 7
157 7
157 7
157 7
157 7
157 7
157 7
157 7
157 7
157 7
157 7
157 7
157 228
157 228
157 228
157 228
157 228
157 228
157 228
157 27
157 27
157 27
157 27
157 204
158 181
158 181
158 181
158 181
158 181
158 181
158 181
158 181
158 181
158 181
158 36
158 36
158 36
158 36
158 36
158 36
158 245
158 78
158 13
159 273
159 273
159 273
159 273
159 36
159 36
159 245
159 186
159 186
159 5
159 158
159 191
159 191
159 191
159 191
160 8
160 28
160 28
160 28
160 28
160 28
160 28
160 28
160 28
160 28
160 28
160 28
160 28
160 28
160 28
160 28
160 28
160 28
160 28
160 28
160 28
160 28
160 28
160 28
160 28
160 28
160 28
160 28
160 28
160 28
160 28
160 28
160 28
160 28
160 28
160 28
160 44
160 44
160 44
160 44
160 44
160 44
160 44
160 44
160 44
160 44
160 44
160 44
160 44
160 44
160 44
160 44
160 76
161 2
161 2
161 2
161 2
161 2
161 67
161 67
161 67
161 67
161 67
161 67
161 67
161 67
161 67
161 67
161 67
161 67
161 67
161 67
161 67
161 67
161 67
161 67
161 67
161 67
161 67
161 183
161 152
161 234
161 252
161 252
161 252
161 252
161 252
162 57
162 57
162 57
162 57
162 57
162 57
162 57
162 57
162 57
162 164
163 208
163 208
163 208
163 242
163 242
163 242
163 242
163 242
163 59
163 59
163 59
163 101
163 101
163 101
163 101
163 101
163 101
163 101
163 101
163 101
163 175
164 145
164 115
164 253
165 262
165 187
165 196
165 117
165 117
165 214
165 214
165 214
165 214
165 214
165 8
165 8
165 8
165 265
165 265
165 59
165 59
165 205
165 205
165 205
165 205
165 205
165 205
165 61
165 175
165 175
166 16
166 271
166 18
166 18
166 139
166 37
166 266
166 207
166 62
166 62
166 62
166 111
167 181
167 181
167 181
167 181
167 5
167 229
167 229
167 229
169 64
169 64
169 64
169 64
169 64
169 128
169 175
169 196
169 37
169 262
169 201
169 235
169 109
169 109
169 207
169 207
169 207
169 207
169 272
169 82
169 82
169 247
169 218
169 205
169 205
169 223
169 223
170 8
170 8
170 8
170 8
170 8
170 8
170 120
170 265
170 265
170 265
170 265
170 265
170 265
170 59
170 59
170 59
170 59
170 59
170 59
170 76
170 29
171 259
171 259
171 259
171 259
171 259
171 259
171 259
171 239
171 239
171 239
171 239
171 239
171 239
171 239
171 239
171 239
171 239
171 239
171 239
171 239
171 239
171 239
171 239
171 239
171 239
171 239
171 239
171 239
171 239
171 239
171 239
171 239
171 239
171 239
172 125
172 167
173 208
173 208
173 114
173 114
173 114
173 114
173 114
173 196
173 196
173 182
173 182
173 182
173 124
173 95
173 95
173 95
173 95
174 26
174 11
174 11
174 228
174 184
174 184
174 184
174 184
174 184
174 184
174 184
174 184
174 184
174 184
174 184
174 184
174 250
174 250
174 59
174 59
174 59
174 59
174 59
174 59
174 59
174 59
174 59
174 59
174 59
174 59
174 59
174 59
174 59
174 59
174 59
174 266
174 45
174 45
174 45
174 45
174 45
174 45
174 45
174 45
175 128
175 128
175 129
175 260
175 69
175 200
175 200
175 265
175 265
175 265
175 265
175 265
175 265
175 265
175 265
175 265
175 265
175 265
175 265
175 265
175 265
175 265
175 269
175 17
175 18
175 84
175 214
175 30
175 30
175 162
175 99
175 145
175 145
175 104
175 41
175 41
175 103
175 103
175 146
175 112
175 49
175 49
175 73
175 73
175 73
175 59
175 59
175 59
175 59
175 59
175 59
175 59
175 59
175 59
175 59
175 59
175 59
175 59
175 59
175 59
175 59
175 255
176 1
176 227
176 227
176 21
176 22
176 216
176 216
176 216
176 236
176 236
176 109
176 111
177 208
177 208
177 216
177 59
177 196
177 196
177 46
178 257
178 182
178 182
178 182
178 182
178 182
178 182
178 182
178 182
178 182
178 182
178 181
178 181
178 181
178 181
178 181
178 181
178 181
178 181
178 181
178 181
178 181
178 231
178 242
178 242
178 242
178 242
178 202
178 273
178 273
178 273
178 273
178 273
178 273
178 273
178 273
178 273
178 273
178 273
178 273
178 45
178 45
178 45
178 45
178 45
178 45
178 45
178 46
178 46
178 46
178 46
178 46
178 46
178 46
178 46
178 113
178 113
178 113
178 113
178 113
178 113
178 113
178 113
178 113
178 113
178 113
178 113
178 113
178 114
178 114
178 114
178 114
178 114
178 114
178 114
178 114
178 114
178 114
178 149
178 149
178 149
178 149
178 149
178 149
178 149
178 278
178 55
178 78
178 70
178 118
178 118
178 118
178 95
178 95
178 95
178 95
178 95
178 95
178 95
179 178
179 178
179 178
179 178
179 178
179 178
179 87
179 87
179 87
179 87
179 87
179 87
179 87
179 87
179 124
179 124
179 204
179 185
179 111
180 97
180 97
180 194
180 19
180 19
180 244
180 244
180 244
180 85
180 219
180 87
180 136
180 136
180 185
180 27
180 27
180 27
180 27
180 27
180 27
180 27
180 27
180 27
180 27
180 27
180 27
180 27
180 27
181 273
181 273
181 273
181 273
181 273
181 273
181 273
181 273
181 273
181 273
181 273
181 273
181 279
182 114
182 114
182 114
182 114
182 114
182 114
182 114
183 259
183 161
183 67
183 67
183 67
183 67
183 67
183 67
183 67
183 67
183 67
183 67
183 67
183 67
183 67
183 67
183 67
183 67
183 67
183 67
183 67
183 67
183 67
183 67
183 67
183 67
183 67
183 67
183 67
183 67
183 67
183 67
183 252
183 252
183 252
183 252
183 252
183 252
183 252
183 252
183 23
184 235
184 132
184 118
184 118
184 118
184 263
184 263
184 263
184 11
184 44
184 205
184 205
184 205
184 205
184 205
184 46
184 45
184 45
184 45
184 45
184 43
184 85
184 214
184 214
184 228
184 228
184 228
184 228
184 59
184 59
184 124
184 174
184 174
184 174
184 95
184 95
185 192
185 192
185 192
185 192
185 192
185 192
185 192
185 97
185 97
185 194
185 194
185 179
185 179
185 32
185 33
185 198
185 87
185 87
185 87
185 87
185 87
185 87
185 87
185 267
185 267
185 204
185 204
185 204
185 157
186 197
186 198
186 9
186 204
186 81
186 87
186 87
186 87
186 87
186 90
186 91
186 91
186 91
186 91
186 101
186 101
186 101
186 101
186 101
186 154
186 159
186 159
186 159
186 159
186 159
186 159
186 226
186 226
186 36
186 36
186 36
186 36
186 36
186 36
186 70
186 70
186 167
186 167
186 167
186 167
186 60
186 172
186 172
186 172
186 172
186 172
186 178
186 178
186 178
186 178
186 178
186 178
186 178
186 178
186 242
186 242
186 242
186 242
186 242
186 242
186 242
186 242
186 242
186 242
186 242
186 245
186 245
186 122
186 124
186 124
186 124
186 124
186 125
186 125
186 126
187 128
187 165
187 134
187 178
187 178
187 8
187 8
187 265
187 265
187 265
187 235
187 205
187 205
187 205
187 205
187 175
187 242
187 242
187 242
187 214
187 214
187 214
187 90
187 90
187 59
187 59
187 188
187 188
188 208
188 33
188 33
188 33
188 33
188 178
188 178
188 178
188 178
188 178
188 228
188 196
188 196
188 196
188 196
188 117
188 265
188 265
188 90
188 124
188 124
188 124
188 124
188 124
188 124
188 124
188 101
189 76
189 76
189 193
189 34
189 34
189 34
189 34
189 35
189 235
189 235
189 227
189 199
189 217
189 59
189 59
189 59
189 236
189 236
189 236
189 236
189 109
190 92
190 92
190 92
190 92
190 92
190 102
190 102
190 102
190 102
190 102
190 262
190 24
190 24
190 24
190 24
190 24
190 201
190 201
190 79
190 79
190 79
190 79
190 79
190 175
190 28
190 28
190 109
190 207
190 207
190 207
192 194
192 179
192 179
192 179
192 179
192 179
192 179
192 179
192 179
192 179
192 179
192 179
192 179
192 179
193 114
193 36
193 36
193 36
193 245
193 232
193 153
193 173
194 64
194 64
194 192
194 192
194 179
194 179
194 179
194 179
194 179
194 179
194 179
194 179
194 179
194 179
194 179
194 179
194 179
194 179
194 244
194 228
194 228
194 219
194 151
194 151
194 7
194 7
194 7
194 7
194 180
194 180
194 180
194 27
194 27
194 27
194 27
194 27
194 27
194 27
194 27
194 27
194 27
194 185
195 128
195 146
195 276
195 22
195 8
195 8
195 8
195 265
195 265
195 265
195 265
195 265
195 265
195 265
195 59
195 59
195 59
195 222
195 175
195 175
195 175
196 258
196 99
196 99
196 100
196 69
196 69
196 69
196 71
196 71
196 200
196 200
196 200
196 200
196 200
196 265
196 265
196 265
196 265
196 265
196 265
196 265
196 265
196 265
196 265
196 265
196 265
196 265
196 265
196 265
196 265
196 138
196 175
196 145
196 51
196 51
196 51
196 84
196 73
196 73
196 73
196 41
196 41
196 260
196 260
196 260
196 59
196 59
196 59
196 59
196 59
196 59
196 59
196 93
196 254
197 208
197 208
197 208
197 208
197 208
197 208
197 273
197 273
197 273
197 273
197 178
197 229
197 181
197 181
197 181
197 181
197 181
197 181
197 113
197 113
197 113
197 59
197 124
197 158
197 191
198 178
198 178
198 178
198 178
198 178
198 178
198 179
198 196
198 196
198 196
198 196
198 265
198 42
198 124
198 124
198 124
198 124
198 124
198 124
198 124
198 124
198 124
198 124
198 124
198 124
198 124
199 208
199 43
199 59
199 59
199 132
199 132
199 132
199 5
199 265
199 265
199 265
199 218
199 27
199 127
200 249
200 282
200 282
200 282
200 282
200 282
200 282
200 282
200 282
200 282
200 282
200 282
200 282
200 282
200 282
200 282
200 282
200 282
200 221
200 221
200 221
200 221
201 64
201 64
201 64
201 64
201 64
201 64
201 209
201 211
201 111
201 111
201 223
201 223
201 223
201 223
203 67
203 67
203 67
203 67
203 67
203 67
203 67
203 67
203 67
203 67
203 67
203 67
203 252
203 252
203 252
203 252
203 252
203 252
203 252
203 252
203 252
203 239
203 239
203 239
204 32
204 33
204 33
204 33
204 66
204 198
204 198
204 198
204 198
204 74
204 74
204 267
204 267
204 267
204 206
204 178
204 178
204 178
204 178
204 178
204 178
204 178
204 178
204 178
204 178
204 178
204 178
204 178
204 178
204 178
204 178
204 179
204 85
204 87
204 87
204 87
204 87
204 87
204 87
204 87
204 87
204 89
204 42
205 162
205 214
205 17
205 265
205 265
205 265
205 265
205 265
205 265
205 265
205 234
205 34
205 93
205 49
205 50
205 51
205 54
205 88
205 59
205 59
205 59
205 59
205 59
205 59
205 253
205 254
206 33
206 66
206 187
206 187
206 164
206 205
206 205
206 205
206 205
206 205
206 8
206 8
206 8
206 8
206 8
206 8
206 8
206 265
206 265
206 76
206 76
206 76
206 76
206 178
206 178
206 238
206 109
206 109
206 109
206 18
206 18
206 204
206 270
206 270
206 270
206 270
206 214
206 214
206 214
206 214
206 184
206 25
206 59
207 160
207 37
207 37
207 37
207 37
207 37
207 37
207 37
207 262
207 262
207 262
207 262
207 201
207 235
207 236
207 236
207 205
207 205
207 270
207 109
207 109
207 214
207 119
207 111
207 25
207 22
207 79
207 79
208 258
208 258
208 258
208 258
208 258
208 99
208 99
208 99
208 99
208 99
208 99
208 260
208 69
208 69
208 69
208 8
208 41
208 41
208 41
208 16
208 145
208 145
208 145
208 51
208 73
208 73
208 73
208 73
208 73
208 73
208 73
208 265
208 265
208 265
208 265
208 265
208 265
208 265
208 249
208 59
208 59
208 59
208 59
208 59
208 59
208 59
208 59
208 59
208 59
208 59
208 59
208 200
208 200
208 200
208 200
208 200
208 253
208 30
209 0
209 257
209 61
209 27
209 229
209 229
209 134
209 135
209 273
209 273
209 273
209 240
209 46
209 46
209 46
209 205
209 205
209 272
209 272
209 81
209 208
209 208
209 118
209 215
209 26
209 59
209 218
211 201
211 201
211 201
211 201
211 201
211 201
211 201
211 201
211 201
211 201
211 201
211 201
211 201
211 201
211 34
211 223
211 223
211 223
211 223
211 111
212 145
212 145
212 145
212 145
212 145
212 115
212 115
212 115
212 115
212 115
212 115
212 115
212 115
212 115
212 115
212 115
212 115
212 115
212 115
212 164
212 164
212 253
212 253
212 253
212 253
212 253
212 253
212 253
212 253
212 253
212 253
212 253
212 253
212 253
212 253
212 253
212 253
212 253
212 253
212 253
212 253
212 253
212 253
212 253
212 57
213 112
213 265
213 265
213 38
214 128
214 65
214 162
214 227
214 196
214 196
214 139
214 230
214 265
214 265
214 265
214 265
214 265
214 265
214 265
214 203
214 205
214 270
214 175
214 175
214 208
214 17
214 50
214 148
214 54
214 84
214 59
214 59
214 59
214 59
214 59
214 59
214 59
214 254
216 265
216 265
216 265
216 202
216 247
216 268
216 77
216 77
216 270
216 208
216 81
216 217
216 89
216 220
216 33
216 33
216 33
216 33
216 33
216 33
216 226
216 226
216 209
216 191
216 176
216 241
216 242
216 117
216 117
216 117
216 117
216 117
216 118
216 118
216 118
216 118
216 55
216 186
216 186
216 59
216 59
216 61
216 62
216 127
216 127
217 33
217 33
217 33
217 33
217 196
217 263
217 72
217 265
217 266
217 266
217 44
217 44
217 46
217 46
217 175
217 175
217 177
217 117
217 117
217 117
217 117
217 117
217 117
217 117
217 22
217 85
217 56
217 186
217 59
217 59
217 59
217 59
217 59
217 216
217 216
217 122
217 222
217 127
218 208
218 81
218 81
218 81
218 181
218 199
218 8
218 8
218 209
218 176
218 176
218 176
218 176
218 176
218 176
218 76
218 76
218 76
218 76
218 126
218 126
218 175
219 64
219 64
219 242
219 242
219 242
219 27
219 244
219 228
219 228
219 7
219 7
219 7
219 7
219 7
219 7
219 7
219 7
219 7
219 7
219 180
219 180
219 180
219 180
219 59
219 157
220 149
220 149
220 257
220 257
220 178
220 178
220 21
220 21
220 182
220 114
220 60
220 242
220 242
220 46
220 95
220 95
221 249
221 260
221 260
222 1
222 68
222 261
222 8
222 44
222 138
222 75
222 205
222 205
222 205
222 205
222 212
222 214
222 214
222 214
222 214
222 22
222 22
222 28
222 158
222 160
222 99
222 36
222 36
222 36
222 232
222 235
222 235
222 235
222 172
222 172
222 172
222 104
222 54
222 61
223 64
223 64
223 64
223 64
223 64
223 64
223 64
223 64
223 64
223 64
223 64
223 169
223 169
223 228
223 228
224 64
224 66
224 219
224 244
224 244
224 180
224 180
224 180
224 27
224 157
224 157
225 163
225 163
225 163
225 163
225 163
225 272
225 272
225 242
225 242
225 242
225 242
225 242
225 242
225 242
225 242
225 242
225 242
225 242
225 242
225 242
225 242
225 242
225 267
225 267
225 117
225 154
225 91
225 91
225 91
225 91
225 91
225 91
225 91
225 91
225 91
225 91
225 91
225 91
225 61
226 134
226 134
226 167
226 167
226 167
226 167
226 167
226 264
226 46
226 208
226 241
226 245
226 245
226 118
226 118
226 118
226 216
226 216
226 186
226 186
226 186
226 186
226 186
226 186
226 186
226 60
226 60
226 154
226 154
226 154
226 154
226 154
226 154
226 154
226 154
227 259
227 214
227 139
227 76
227 205
227 205
227 270
227 270
227 208
227 208
227 208
227 34
227 146
227 146
227 276
227 276
227 22
227 175
227 31
227 16
227 16
227 98
227 98
227 235
227 235
227 235
227 235
227 236
227 239
227 176
227 59
227 59
227 59
227 59
227 252
227 189
227 189
227 189
227 189
228 33
228 194
228 231
228 231
228 7
228 45
228 45
228 45
228 45
228 21
228 21
228 214
228 214
228 214
228 214
228 214
228 247
228 184
228 184
228 184
228 184
228 184
228 184
228 184
228 184
228 184
228 184
228 184
228 184
228 184
228 250
228 250
228 59
228 59
228 124
228 124
228 124
228 124
228 127
230 98
230 84
230 249
230 249
230 249
230 249
230 249
230 249
230 249
230 249
230 249
230 164
230 221
230 221
230 221
230 221
230 221
230 221
230 221
230 221
230 221
230 221
230 221
230 221
230 221
230 221
230 221
230 221
230 221
230 221
230 221
230 221
230 253
230 253
230 253
231 209
231 43
231 184
231 184
231 184
231 184
231 184
231 265
231 265
231 265
231 250
231 250
231 250
231 250
231 27
231 77
232 114
232 114
232 114
232 114
232 114
232 36
232 36
232 36
232 36
232 36
233 8
233 274
233 274
233 274
233 274
233 274
233 274
233 274
233 63
234 16
234 248
234 248
234 248
234 248
234 248
234 248
234 248
234 248
234 248
234 248
234 152
234 152
234 152
234 152
234 152
234 152
234 67
234 67
234 67
234 29
234 29
234 29
234 29
234 29
234 29
234 29
234 29
234 29
234 29
234 29
234 29
234 29
234 29
234 29
235 128
235 97
235 34
235 227
235 132
235 37
235 8
235 8
235 265
235 76
235 109
235 109
235 142
235 142
235 205
235 205
235 205
235 205
235 208
235 214
236 128
236 128
236 128
236 208
236 175
236 175
236 175
236 227
236 227
236 227
236 227
236 227
236 37
236 235
236 235
236 235
236 235
236 235
236 76
236 205
236 270
236 270
236 79
236 16
236 189
236 189
236 146
236 276
236 22
236 22
236 22
236 22
236 22
236 247
236 176
236 176
236 59
236 59
236 221
236 221
237 115
237 115
237 115
237 115
237 57
237 57
237 57
237 259
237 259
237 259
238 128
238 66
238 267
238 196
238 196
238 196
238 265
238 42
238 235
238 205
238 46
238 46
238 47
238 80
238 114
238 114
238 114
238 114
238 114
238 85
238 118
238 118
238 118
238 118
240 64
240 64
240 64
240 64
240 64
240 64
240 64
240 225
240 225
240 225
240 228
240 228
240 228
240 228
240 228
240 128
240 128
240 172
240 175
240 175
240 175
240 175
240 242
240 242
240 242
240 242
240 214
240 214
240 214
240 214
240 214
240 214
240 250
240 59
240 59
240 61
240 223
241 273
241 273
241 273
241 273
241 114
241 114
241 196
241 196
241 245
241 118
241 68
241 46
241 46
241 46
241 182
241 182
241 182
241 182
241 182
242 181
242 181
242 181
242 181
242 181
242 181
242 181
242 278
242 278
242 178
242 118
242 118
242 118
242 118
242 118
242 118
242 113
242 113
242 113
242 113
242 113
242 113
242 45
242 45
242 45
242 45
242 45
242 45
242 45
242 45
242 45
242 45
242 46
242 46
242 46
242 46
242 46
242 46
242 273
242 273
242 273
242 273
242 273
242 273
242 273
242 273
242 273
242 114
242 114
242 114
242 114
242 114
242 114
242 114
242 114
242 114
242 114
242 114
242 149
242 149
242 149
242 149
242 149
242 149
242 149
242 149
242 149
242 149
242 149
242 182
242 182
242 182
242 182
242 182
242 182
242 182
242 182
242 182
242 182
242 182
242 182
242 55
242 55
242 220
242 220
242 220
242 220
242 126
242 95
242 95
242 95
242 95
242 95
242 95
242 95
242 95
243 192
243 64
243 64
243 194
243 194
243 228
243 228
243 101
243 101
243 198
243 151
243 151
243 151
243 151
243 90
243 90
243 90
243 135
243 157
244 179
244 179
244 179
244 179
244 179
244 179
244 179
244 179
244 179
244 180
244 180
244 219
244 219
244 219
244 219
244 219
244 7
244 7
244 7
244 7
244 136
244 27
244 27
244 27
244 27
244 157
246 64
246 64
246 64
246 64
246 64
246 64
246 48
246 48
246 194
246 194
246 194
246 27
246 228
246 228
246 228
246 228
246 228
246 228
246 228
246 214
246 214
246 214
246 214
246 265
246 265
246 265
246 128
246 235
246 172
246 175
246 175
246 175
246 175
246 240
246 240
246 177
246 177
246 22
246 22
246 22
246 154
246 59
246 59
247 262
247 214
247 214
247 214
247 214
247 214
247 214
247 214
247 214
247 214
247 214
247 218
247 218
247 250
247 250
247 250
247 250
247 22
247 22
247 205
247 165
247 165
247 165
249 84
249 84
249 84
249 84
249 84
249 84
249 221
249 230
249 230
249 230
250 11
250 214
250 214
250 263
250 263
250 231
250 45
250 45
250 45
250 45
250 45
250 174
250 174
250 174
250 205
250 205
250 205
250 113
250 46
250 118
250 59
250 101
251 25
251 25
251 25
251 25
251 25
251 25
251 25
251 25
251 25
251 25
251 25
251 25
251 25
251 34
251 3
251 3
251 3
251 3
253 41
253 41
253 230
253 230
254 145
254 249
254 221
254 253
254 253
254 253
254 253
254 253
254 253
254 253
254 253
254 253
254 253
254 253
254 253
254 253
254 253
254 253
255 259
255 259
255 259
255 259
255 259
255 259
255 259
255 259
255 259
255 259
255 259
255 259
255 259
255 239
255 239
255 239
256 104
256 274
256 227
256 140
256 58
256 58
256 58
258 282
258 282
258 221
258 221
258 221
258 221
258 221
258 221
258 221
258 221
258 221
259 59
259 171
259 171
259 269
260 249
260 249
260 249
260 249
260 249
260 249
260 249
260 249
260 249
260 249
260 249
260 282
260 282
260 221
260 253
260 253
260 253
260 253
260 253
261 160
261 213
261 6
261 6
261 44
261 44
261 44
261 44
261 44
261 44
261 234
261 28
261 28
261 28
261 28
261 28
261 28
261 28
261 28
261 28
261 28
261 28
261 28
261 28
261 28
261 28
261 28
261 28
261 28
261 28
261 28
261 28
261 28
261 28
261 28
261 222
261 222
262 133
262 246
262 175
262 165
262 165
262 165
262 267
262 267
262 267
262 267
262 236
262 205
262 207
262 207
262 109
262 272
262 19
262 19
262 117
262 214
262 214
262 22
262 22
262 22
262 22
262 187
262 187
262 37
263 184
263 184
263 265
263 265
263 265
263 265
263 265
263 265
263 265
263 265
263 265
263 265
263 265
263 265
263 265
263 250
263 250
263 250
263 250
263 250
263 95
263 95
263 95
263 95
263 95
263 95
264 133
264 133
264 72
264 265
264 265
264 265
264 265
264 265
264 265
264 95
264 95
264 95
264 11
264 45
264 45
264 45
264 149
264 184
264 184
264 184
264 250
264 59
264 59
264 59
264 59
264 59
264 220
264 85
265 128
265 129
265 129
265 129
265 129
265 129
265 129
265 129
265 129
265 260
265 260
265 261
265 8
265 8
265 8
265 8
265 8
265 10
265 140
265 140
265 140
265 140
265 140
265 140
265 269
265 269
265 269
265 145
265 145
265 145
265 148
265 148
265 148
265 148
265 30
265 30
265 30
265 30
265 30
265 30
265 160
265 161
265 161
265 161
265 161
265 161
265 161
265 161
265 161
265 161
265 161
265 161
265 161
265 162
265 39
265 39
265 39
265 39
265 39
265 39
265 168
265 168
265 168
265 41
265 41
265 41
265 41
265 41
265 175
265 175
265 49
265 49
265 50
265 51
265 54
265 54
265 58
265 58
265 59
265 138
265 65
265 65
265 65
265 65
265 65
265 195
265 195
265 195
265 196
265 196
265 71
265 71
265 200
265 200
265 73
265 73
265 73
265 76
265 76
265 76
265 76
265 76
265 76
265 76
265 208
265 208
265 84
265 84
265 214
265 88
265 88
265 88
265 217
265 93
265 93
265 99
265 100
265 17
265 104
265 104
265 234
265 234
265 234
265 234
265 234
265 234
265 103
265 237
265 237
265 237
265 237
265 237
265 237
265 237
265 237
265 237
265 237
265 237
265 110
265 110
265 110
265 110
265 110
265 112
265 112
265 112
265 112
265 112
265 112
265 112
265 112
265 117
265 254
266 149
266 149
266 149
266 70
266 70
266 70
266 70
266 70
266 70
266 232
266 232
266 9
266 45
266 208
266 208
266 208
266 208
266 208
266 208
266 208
266 208
266 208
266 208
266 208
266 208
266 208
266 208
266 208
266 208
266 113
266 113
266 113
266 113
266 114
266 114
266 114
266 245
266 245
266 118
266 118
266 118
266 122
266 122
266 124
266 124
266 124
266 124
266 124
266 124
266 124
266 124
266 124
266 124
266 158
266 181
266 181
266 181
266 181
266 181
266 181
266 181
266 181
266 181
266 181
267 32
267 192
267 163
267 165
267 134
267 134
267 134
267 134
267 134
267 42
267 42
267 178
267 111
267 242
267 242
267 242
267 242
267 242
267 117
267 87
267 87
267 87
267 87
267 87
267 90
267 91
267 91
267 91
267 91
267 91
267 91
267 28
267 28
268 46
269 57
269 259
269 259
269 171
269 171
269 239
269 239
269 239
269 239
269 239
269 239
269 239
269 239
269 239
269 239
269 239
269 239
269 239
269 239
269 239
269 239
269 239
269 239
269 239
269 239
269 239
269 239
269 239
269 239
270 34
270 99
270 99
270 99
270 99
270 99
270 260
270 69
270 69
270 69
270 73
270 73
270 73
270 73
270 206
270 208
270 274
270 274
270 276
270 37
270 221
270 31
270 31
270 31
270 31
271 262
271 139
271 139
271 139
271 139
271 155
271 214
271 166
272 137
272 60
272 60
272 60
272 60
272 60
272 21
272 21
272 21
273 181
273 181
273 181
273 181
273 181
273 181
275 58
275 58
276 16
276 16
276 281
276 235
276 63
277 8
277 8
277 8
277 8
277 8
277 8
277 8
277 8
277 8
277 8
277 265
277 265
277 265
277 265
277 265
277 265
277 265
277 265
277 265
277 234
277 59
277 59
277 59
277 59
277 59
277 59
277 76
277 76
277 76
277 76
277 76
277 76
277 76
277 76
277 76
277 76
277 76
277 76
277 76
277 170
277 28
277 28
277 28
279 273
279 273
279 273
279 273
279 273
279 273
279 196
279 196
279 181
279 181
279 181
279 181
279 101
279 45
279 45
279 95
280 51
280 71
280 249
280 249
280 249
280 249
280 249
280 249
280 249
280 249
280 249
280 249
280 249
280 249
280 249
280 249
280 249
280 282
280 282
280 282
280 282
280 282
280 282
280 282
280 282
280 282
280 282
280 282
280 282
280 282
280 282
280 282
280 282
280 282
280 282
280 282
280 282
280 282
280 221
280 221
280 221
280 221
280 221
280 221
280 221
280 221
280 221
280 221
280 254
280 253
281 8
281 265
281 63
281 16
281 175
282 258
282 258
282 221
